,fecha_diagnostico,casos_confirmados,cantidad_fallecidos,cuidado_intensivo,asistencia_respiratoria_mecanica,casos_acumulados,fallecidos_acumulados,mes_anio
0,2020-03-03,1,0,0,0,1,0,2020-03
1,2020-03-06,7,0,0,0,8,0,2020-03
2,2020-03-07,1,1,1,1,9,1,2020-03
3,2020-03-08,1,0,0,0,10,1,2020-03
4,2020-03-09,6,0,1,1,16,1,2020-03
5,2020-03-10,8,0,0,0,24,1,2020-03
6,2020-03-11,3,0,0,0,27,1,2020-03
7,2020-03-12,10,2,2,1,37,3,2020-03
8,2020-03-13,6,1,1,0,43,4,2020-03
9,2020-03-14,7,0,1,1,50,4,2020-03
10,2020-03-15,11,2,1,0,61,6,2020-03
11,2020-03-16,10,0,1,0,71,6,2020-03
12,2020-03-17,13,0,0,0,84,6,2020-03
13,2020-03-18,27,2,1,1,111,8,2020-03
14,2020-03-19,21,1,2,1,132,9,2020-03
15,2020-03-20,28,1,2,1,160,10,2020-03
16,2020-03-21,61,2,2,2,221,12,2020-03
17,2020-03-22,51,1,3,2,272,13,2020-03
18,2020-03-23,30,1,1,1,302,14,2020-03
19,2020-03-24,102,5,9,5,404,19,2020-03
20,2020-03-25,106,7,7,3,510,26,2020-03
21,2020-03-26,108,10,12,9,618,36,2020-03
22,2020-03-27,75,5,10,6,693,41,2020-03
23,2020-03-28,63,5,6,3,756,46,2020-03
24,2020-03-29,105,5,8,6,861,51,2020-03
25,2020-03-30,77,7,11,5,938,58,2020-03
26,2020-03-31,87,14,18,14,1025,72,2020-03
27,2020-04-01,115,10,14,9,1140,82,2020-04
28,2020-04-02,137,6,13,8,1277,88,2020-04
29,2020-04-03,100,7,12,8,1377,95,2020-04
30,2020-04-04,99,6,2,1,1476,101,2020-04
31,2020-04-05,68,11,6,5,1544,112,2020-04
32,2020-04-06,103,4,9,2,1647,116,2020-04
33,2020-04-07,71,6,8,4,1718,122,2020-04
34,2020-04-08,98,7,11,5,1816,129,2020-04
35,2020-04-09,95,4,6,3,1911,133,2020-04
36,2020-04-10,113,14,11,3,2024,147,2020-04
37,2020-04-11,66,6,3,1,2090,153,2020-04
38,2020-04-12,68,11,2,1,2158,164,2020-04
39,2020-04-13,90,7,7,2,2248,171,2020-04
40,2020-04-14,121,9,7,4,2369,180,2020-04
41,2020-04-15,122,7,6,2,2491,187,2020-04
42,2020-04-16,99,8,3,1,2590,195,2020-04
43,2020-04-17,84,5,4,2,2674,200,2020-04
44,2020-04-18,114,16,6,1,2788,216,2020-04
45,2020-04-19,55,4,3,2,2843,220,2020-04
46,2020-04-20,90,4,5,3,2933,224,2020-04
47,2020-04-21,149,14,9,4,3082,238,2020-04
48,2020-04-22,113,11,7,5,3195,249,2020-04
49,2020-04-23,130,14,5,3,3325,263,2020-04
50,2020-04-24,175,16,4,2,3500,279,2020-04
51,2020-04-25,149,14,9,1,3649,293,2020-04
52,2020-04-26,86,5,4,2,3735,298,2020-04
53,2020-04-27,121,8,5,2,3856,306,2020-04
54,2020-04-28,118,9,3,1,3974,315,2020-04
55,2020-04-29,135,25,7,4,4109,340,2020-04
56,2020-04-30,133,13,4,2,4242,353,2020-04
57,2020-05-01,127,18,6,3,4369,371,2020-05
58,2020-05-02,92,4,1,1,4461,375,2020-05
59,2020-05-03,98,11,6,5,4559,386,2020-05
60,2020-05-04,115,11,7,2,4674,397,2020-05
61,2020-05-05,177,7,12,1,4851,404,2020-05
62,2020-05-06,194,9,8,3,5045,413,2020-05
63,2020-05-07,218,16,8,4,5263,429,2020-05
64,2020-05-08,183,21,11,5,5446,450,2020-05
65,2020-05-09,240,9,10,6,5686,459,2020-05
66,2020-05-10,193,10,12,5,5879,469,2020-05
67,2020-05-11,264,3,3,0,6143,472,2020-05
68,2020-05-12,280,13,16,11,6423,485,2020-05
69,2020-05-13,305,19,13,7,6728,504,2020-05
70,2020-05-14,286,9,8,6,7014,513,2020-05
71,2020-05-15,367,11,11,2,7381,524,2020-05
72,2020-05-16,320,16,15,8,7701,540,2020-05
73,2020-05-17,229,8,10,5,7930,548,2020-05
74,2020-05-18,355,17,11,6,8285,565,2020-05
75,2020-05-19,497,17,11,5,8782,582,2020-05
76,2020-05-20,584,26,30,13,9366,608,2020-05
77,2020-05-21,709,19,21,11,10075,627,2020-05
78,2020-05-22,773,21,21,10,10848,648,2020-05
79,2020-05-23,578,28,24,12,11426,676,2020-05
80,2020-05-24,475,14,15,10,11901,690,2020-05
81,2020-05-25,511,17,15,5,12412,707,2020-05
82,2020-05-26,608,28,15,7,13020,735,2020-05
83,2020-05-27,673,21,15,9,13693,756,2020-05
84,2020-05-28,712,38,31,16,14405,794,2020-05
85,2020-05-29,787,47,20,7,15192,841,2020-05
86,2020-05-30,654,36,26,9,15846,877,2020-05
87,2020-05-31,513,16,14,6,16359,893,2020-05
88,2020-06-01,802,37,28,13,17161,930,2020-06
89,2020-06-02,868,44,19,5,18029,974,2020-06
90,2020-06-03,874,35,28,10,18903,1009,2020-06
91,2020-06-04,823,41,35,18,19726,1050,2020-06
92,2020-06-05,899,33,23,9,20625,1083,2020-06
93,2020-06-06,1031,56,28,13,21656,1139,2020-06
94,2020-06-07,533,28,11,2,22189,1167,2020-06
95,2020-06-08,972,50,35,19,23161,1217,2020-06
96,2020-06-09,1292,44,27,11,24453,1261,2020-06
97,2020-06-10,1264,48,23,11,25717,1309,2020-06
98,2020-06-11,1458,46,33,12,27175,1355,2020-06
99,2020-06-12,1544,52,43,18,28719,1407,2020-06
100,2020-06-13,1415,58,32,12,30134,1465,2020-06
101,2020-06-14,991,41,28,12,31125,1506,2020-06
102,2020-06-15,1200,40,30,14,32325,1546,2020-06
103,2020-06-16,1561,69,35,19,33886,1615,2020-06
104,2020-06-17,1789,61,43,18,35675,1676,2020-06
105,2020-06-18,1959,70,31,11,37634,1746,2020-06
106,2020-06-19,1945,72,38,15,39579,1818,2020-06
107,2020-06-20,2276,92,39,11,41855,1910,2020-06
108,2020-06-21,1378,48,44,19,43233,1958,2020-06
109,2020-06-22,2105,72,44,18,45338,2030,2020-06
110,2020-06-23,2476,103,43,24,47814,2133,2020-06
111,2020-06-24,2390,92,44,16,50204,2225,2020-06
112,2020-06-25,2767,120,54,24,52971,2345,2020-06
113,2020-06-26,2844,100,52,22,55815,2445,2020-06
114,2020-06-27,2209,75,37,15,58024,2520,2020-06
115,2020-06-28,1715,67,30,11,59739,2587,2020-06
116,2020-06-29,2148,80,44,18,61887,2667,2020-06
117,2020-06-30,2671,116,48,20,64558,2783,2020-06
118,2020-07-01,2652,106,46,18,67210,2889,2020-07
119,2020-07-02,2740,111,44,15,69950,3000,2020-07
120,2020-07-03,3209,124,47,19,73159,3124,2020-07
121,2020-07-04,3119,126,66,28,76278,3250,2020-07
122,2020-07-05,1858,76,31,14,78136,3326,2020-07
123,2020-07-06,2794,135,45,24,80930,3461,2020-07
124,2020-07-07,3263,137,60,28,84193,3598,2020-07
125,2020-07-08,3872,164,61,32,88065,3762,2020-07
126,2020-07-09,3384,135,55,27,91449,3897,2020-07
127,2020-07-10,3375,178,63,27,94824,4075,2020-07
128,2020-07-11,3142,133,59,33,97966,4208,2020-07
129,2020-07-12,2020,118,44,19,99986,4326,2020-07
130,2020-07-13,3385,166,60,33,103371,4492,2020-07
131,2020-07-14,3935,179,67,21,107306,4671,2020-07
132,2020-07-15,3966,190,69,34,111272,4861,2020-07
133,2020-07-16,4277,180,65,39,115549,5041,2020-07
134,2020-07-17,4691,185,82,38,120240,5226,2020-07
135,2020-07-18,4388,187,66,35,124628,5413,2020-07
136,2020-07-19,2864,138,58,33,127492,5551,2020-07
137,2020-07-20,4546,149,64,27,132038,5700,2020-07
138,2020-07-21,5403,224,98,45,137441,5924,2020-07
139,2020-07-22,5633,237,82,43,143074,6161,2020-07
140,2020-07-23,5626,231,85,48,148700,6392,2020-07
141,2020-07-24,6032,222,73,34,154732,6614,2020-07
142,2020-07-25,4633,146,47,28,159365,6760,2020-07
143,2020-07-26,3376,106,57,31,162741,6866,2020-07
144,2020-07-27,5057,202,75,39,167798,7068,2020-07
145,2020-07-28,5780,211,80,44,173578,7279,2020-07
146,2020-07-29,6177,221,66,30,179755,7500,2020-07
147,2020-07-30,5881,180,68,30,185636,7680,2020-07
148,2020-07-31,6781,207,57,27,192417,7887,2020-07
149,2020-08-01,4990,167,62,31,197407,8054,2020-08
150,2020-08-02,4332,140,71,30,201739,8194,2020-08
151,2020-08-03,6092,246,81,37,207831,8440,2020-08
152,2020-08-04,7086,254,91,46,214917,8694,2020-08
153,2020-08-05,7764,267,95,52,222681,8961,2020-08
154,2020-08-06,7636,225,104,44,230317,9186,2020-08
155,2020-08-07,7819,243,81,41,238136,9429,2020-08
156,2020-08-08,6227,208,82,36,244363,9637,2020-08
157,2020-08-09,4338,149,49,33,248701,9786,2020-08
158,2020-08-10,6731,200,79,47,255432,9986,2020-08
159,2020-08-11,7272,268,91,59,262704,10254,2020-08
160,2020-08-12,7309,236,81,43,270013,10490,2020-08
161,2020-08-13,7302,209,80,40,277315,10699,2020-08
162,2020-08-14,7029,233,81,43,284344,10932,2020-08
163,2020-08-15,6536,221,91,43,290880,11153,2020-08
164,2020-08-16,3629,135,59,35,294509,11288,2020-08
165,2020-08-17,5316,210,66,33,299825,11498,2020-08
166,2020-08-18,6638,207,67,34,306463,11705,2020-08
167,2020-08-19,8002,284,106,49,314465,11989,2020-08
168,2020-08-20,8438,313,108,54,322903,12302,2020-08
169,2020-08-21,8153,261,94,46,331056,12563,2020-08
170,2020-08-22,7315,233,86,38,338371,12796,2020-08
171,2020-08-23,4544,160,51,27,342915,12956,2020-08
172,2020-08-24,8279,292,110,56,351194,13248,2020-08
173,2020-08-25,9290,330,114,59,360484,13578,2020-08
174,2020-08-26,10184,316,110,63,370668,13894,2020-08
175,2020-08-27,10934,351,99,49,381602,14245,2020-08
176,2020-08-28,10474,320,117,63,392076,14565,2020-08
177,2020-08-29,8685,277,96,47,400761,14842,2020-08
178,2020-08-30,6486,202,71,32,407247,15044,2020-08
179,2020-08-31,9493,259,94,47,416740,15303,2020-08
180,2020-09-01,10925,360,113,60,427665,15663,2020-09
181,2020-09-02,11083,351,121,70,438748,16014,2020-09
182,2020-09-03,10975,336,105,66,449723,16350,2020-09
183,2020-09-04,10787,316,114,67,460510,16666,2020-09
184,2020-09-05,9208,249,90,51,469718,16915,2020-09
185,2020-09-06,6044,198,62,38,475762,17113,2020-09
186,2020-09-07,9886,346,108,69,485648,17459,2020-09
187,2020-09-08,11851,352,139,81,497499,17811,2020-09
188,2020-09-09,12272,375,104,59,509771,18186,2020-09
189,2020-09-10,11525,385,115,63,521296,18571,2020-09
190,2020-09-11,12311,338,108,51,533607,18909,2020-09
191,2020-09-12,10217,326,94,54,543824,19235,2020-09
192,2020-09-13,6923,204,69,45,550747,19439,2020-09
193,2020-09-14,10337,314,107,62,561084,19753,2020-09
194,2020-09-15,11198,348,114,64,572282,20101,2020-09
195,2020-09-16,11633,324,108,65,583915,20425,2020-09
196,2020-09-17,12018,360,122,69,595933,20785,2020-09
197,2020-09-18,12206,379,147,73,608139,21164,2020-09
198,2020-09-19,9766,296,99,48,617905,21460,2020-09
199,2020-09-20,5897,194,73,37,623802,21654,2020-09
200,2020-09-21,10186,320,101,47,633988,21974,2020-09
201,2020-09-22,11197,371,102,52,645185,22345,2020-09
202,2020-09-23,12869,348,105,53,658054,22693,2020-09
203,2020-09-24,12834,360,133,77,670888,23053,2020-09
204,2020-09-25,13119,327,112,57,684007,23380,2020-09
205,2020-09-26,10079,278,109,45,694086,23658,2020-09
206,2020-09-27,6840,201,60,35,700926,23859,2020-09
207,2020-09-28,12517,369,145,83,713443,24228,2020-09
208,2020-09-29,14790,473,162,82,728233,24701,2020-09
209,2020-09-30,14022,366,119,62,742255,25067,2020-09
210,2020-10-01,13516,352,127,60,755771,25419,2020-10
211,2020-10-02,14213,379,119,68,769984,25798,2020-10
212,2020-10-03,10584,308,107,55,780568,26106,2020-10
213,2020-10-04,6078,200,78,42,786646,26306,2020-10
214,2020-10-05,12457,379,129,72,799103,26685,2020-10
215,2020-10-06,14372,382,145,73,813475,27067,2020-10
216,2020-10-07,14963,355,113,58,828438,27422,2020-10
217,2020-10-08,15131,376,129,78,843569,27798,2020-10
218,2020-10-09,15441,385,102,57,859010,28183,2020-10
219,2020-10-10,12218,329,94,55,871228,28512,2020-10
220,2020-10-11,7969,184,58,36,879197,28696,2020-10
221,2020-10-12,9446,282,98,53,888643,28978,2020-10
222,2020-10-13,14456,413,131,77,903099,29391,2020-10
223,2020-10-14,16868,418,156,79,919967,29809,2020-10
224,2020-10-15,16663,403,140,72,936630,30212,2020-10
225,2020-10-16,17512,369,122,71,954142,30581,2020-10
226,2020-10-17,12741,286,109,53,966883,30867,2020-10
227,2020-10-18,6914,183,66,33,973797,31050,2020-10
228,2020-10-19,14758,357,119,70,988555,31407,2020-10
229,2020-10-20,15647,389,133,78,1004202,31796,2020-10
230,2020-10-21,15793,355,114,65,1019995,32151,2020-10
231,2020-10-22,14713,320,99,52,1034708,32471,2020-10
232,2020-10-23,14516,319,107,56,1049224,32790,2020-10
233,2020-10-24,11288,272,75,43,1060512,33062,2020-10
234,2020-10-25,6168,173,53,33,1066680,33235,2020-10
235,2020-10-26,12987,343,118,70,1079667,33578,2020-10
236,2020-10-27,13318,293,102,54,1092985,33871,2020-10
237,2020-10-28,13229,283,95,59,1106214,34154,2020-10
238,2020-10-29,12414,246,87,52,1118628,34400,2020-10
239,2020-10-30,12361,287,106,58,1130989,34687,2020-10
240,2020-10-31,7819,205,57,35,1138808,34892,2020-10
241,2020-11-01,5367,148,45,31,1144175,35040,2020-11
242,2020-11-02,10614,230,84,42,1154789,35270,2020-11
243,2020-11-03,11067,277,82,46,1165856,35547,2020-11
244,2020-11-04,10946,212,80,43,1176802,35759,2020-11
245,2020-11-05,12002,237,90,54,1188804,35996,2020-11
246,2020-11-06,11254,239,72,41,1200058,36235,2020-11
247,2020-11-07,7365,170,54,34,1207423,36405,2020-11
248,2020-11-08,4243,101,41,24,1211666,36506,2020-11
249,2020-11-09,9611,228,96,55,1221277,36734,2020-11
250,2020-11-10,11059,239,82,47,1232336,36973,2020-11
251,2020-11-11,11007,187,68,32,1243343,37160,2020-11
252,2020-11-12,10334,193,69,40,1253677,37353,2020-11
253,2020-11-13,10217,203,81,44,1263894,37556,2020-11
254,2020-11-14,6382,149,57,31,1270276,37705,2020-11
255,2020-11-15,3692,85,38,21,1273968,37790,2020-11
256,2020-11-16,9250,195,63,41,1283218,37985,2020-11
257,2020-11-17,9252,150,52,31,1292470,38135,2020-11
258,2020-11-18,9350,200,68,41,1301820,38335,2020-11
259,2020-11-19,8822,162,57,30,1310642,38497,2020-11
260,2020-11-20,8505,144,48,26,1319147,38641,2020-11
261,2020-11-21,5088,114,37,20,1324235,38755,2020-11
262,2020-11-22,3037,91,38,24,1327272,38846,2020-11
263,2020-11-23,4323,122,40,28,1331595,38968,2020-11
264,2020-11-24,7875,146,56,27,1339470,39114,2020-11
265,2020-11-25,7979,154,50,28,1347449,39268,2020-11
266,2020-11-26,7774,138,46,25,1355223,39406,2020-11
267,2020-11-27,7320,137,52,29,1362543,39543,2020-11
268,2020-11-28,5167,114,57,37,1367710,39657,2020-11
269,2020-11-29,3075,51,18,12,1370785,39708,2020-11
270,2020-11-30,6936,134,56,34,1377721,39842,2020-11
271,2020-12-01,7123,124,51,32,1384844,39966,2020-12
272,2020-12-02,6387,119,49,25,1391231,40085,2020-12
273,2020-12-03,6500,112,42,27,1397731,40197,2020-12
274,2020-12-04,5771,111,45,26,1403502,40308,2020-12
275,2020-12-05,3981,101,31,13,1407483,40409,2020-12
276,2020-12-06,2050,62,25,15,1409533,40471,2020-12
277,2020-12-07,3709,94,31,14,1413242,40565,2020-12
278,2020-12-08,2767,72,31,21,1416009,40637,2020-12
279,2020-12-09,6577,137,51,30,1422586,40774,2020-12
280,2020-12-10,6606,159,45,28,1429192,40933,2020-12
281,2020-12-11,6684,130,48,21,1435876,41063,2020-12
282,2020-12-12,4356,116,47,29,1440232,41179,2020-12
283,2020-12-13,2660,71,21,13,1442892,41250,2020-12
284,2020-12-14,6538,107,33,13,1449430,41357,2020-12
285,2020-12-15,6825,156,64,32,1456255,41513,2020-12
286,2020-12-16,6687,123,37,13,1462942,41636,2020-12
287,2020-12-17,7181,107,44,23,1470123,41743,2020-12
288,2020-12-18,6943,104,34,18,1477066,41847,2020-12
289,2020-12-19,5339,109,34,22,1482405,41956,2020-12
290,2020-12-20,2927,65,21,16,1485332,42021,2020-12
291,2020-12-21,8141,143,48,32,1493473,42164,2020-12
292,2020-12-22,8519,160,47,26,1501992,42324,2020-12
293,2020-12-23,8941,142,49,33,1510933,42466,2020-12
294,2020-12-24,5195,95,38,21,1516128,42561,2020-12
295,2020-12-25,1715,40,19,8,1517843,42601,2020-12
296,2020-12-26,6234,142,55,34,1524077,42743,2020-12
297,2020-12-27,4113,91,34,18,1528190,42834,2020-12
298,2020-12-28,10919,183,70,40,1539109,43017,2020-12
299,2020-12-29,12473,232,92,45,1551582,43249,2020-12
300,2020-12-30,12855,165,62,26,1564437,43414,2020-12
301,2020-12-31,8172,137,45,24,1572609,43551,2020-12
302,2021-01-01,2551,44,23,12,1575160,43595,2021-01
303,2021-01-02,7434,129,52,34,1582594,43724,2021-01
304,2021-01-03,4702,99,36,25,1587296,43823,2021-01
305,2021-01-04,13244,228,83,33,1600540,44051,2021-01
306,2021-01-05,13384,218,86,34,1613924,44269,2021-01
307,2021-01-06,13810,196,81,44,1627734,44465,2021-01
308,2021-01-07,13057,189,63,31,1640791,44654,2021-01
309,2021-01-08,13296,187,69,41,1654087,44841,2021-01
310,2021-01-09,9523,150,58,28,1663610,44991,2021-01
311,2021-01-10,4938,83,35,23,1668548,45074,2021-01
312,2021-01-11,12495,198,69,41,1681043,45272,2021-01
313,2021-01-12,12191,202,77,41,1693234,45474,2021-01
314,2021-01-13,12830,206,88,53,1706064,45680,2021-01
315,2021-01-14,11546,193,80,39,1717610,45873,2021-01
316,2021-01-15,10886,176,48,23,1728496,46049,2021-01
317,2021-01-16,8072,152,52,30,1736568,46201,2021-01
318,2021-01-17,4736,69,32,15,1741304,46270,2021-01
319,2021-01-18,11484,198,56,37,1752788,46468,2021-01
320,2021-01-19,11522,191,84,47,1764310,46659,2021-01
321,2021-01-20,10875,173,48,29,1775185,46832,2021-01
322,2021-01-21,9952,176,70,44,1785137,47008,2021-01
323,2021-01-22,9520,177,69,36,1794657,47185,2021-01
324,2021-01-23,6374,148,53,32,1801031,47333,2021-01
325,2021-01-24,3595,68,24,13,1804626,47401,2021-01
326,2021-01-25,9610,209,81,50,1814236,47610,2021-01
327,2021-01-26,9874,178,77,45,1824110,47788,2021-01
328,2021-01-27,9426,153,57,27,1833536,47941,2021-01
329,2021-01-28,8846,136,52,31,1842382,48077,2021-01
330,2021-01-29,8317,156,62,33,1850699,48233,2021-01
331,2021-01-30,6083,109,37,23,1856782,48342,2021-01
332,2021-01-31,3751,57,16,11,1860533,48399,2021-01
333,2021-02-01,8553,167,63,36,1869086,48566,2021-02
334,2021-02-02,8749,161,55,32,1877835,48727,2021-02
335,2021-02-03,8301,148,52,31,1886136,48875,2021-02
336,2021-02-04,7721,160,66,38,1893857,49035,2021-02
337,2021-02-05,7344,140,54,31,1901201,49175,2021-02
338,2021-02-06,4901,94,47,21,1906102,49269,2021-02
339,2021-02-07,2760,47,24,16,1908862,49316,2021-02
340,2021-02-08,7056,125,51,32,1915918,49441,2021-02
341,2021-02-09,7425,155,62,39,1923343,49596,2021-02
342,2021-02-10,6810,120,38,29,1930153,49716,2021-02
343,2021-02-11,6827,129,40,22,1936980,49845,2021-02
344,2021-02-12,6846,117,64,32,1943826,49962,2021-02
345,2021-02-13,4653,99,31,14,1948479,50061,2021-02
346,2021-02-14,2602,54,22,12,1951081,50115,2021-02
347,2021-02-15,3718,90,27,18,1954799,50205,2021-02
348,2021-02-16,3395,62,27,17,1958194,50267,2021-02
349,2021-02-17,7539,159,63,34,1965733,50426,2021-02
350,2021-02-18,7478,147,70,34,1973211,50573,2021-02
351,2021-02-19,7144,124,62,38,1980355,50697,2021-02
352,2021-02-20,4683,94,45,23,1985038,50791,2021-02
353,2021-02-21,2848,45,17,11,1987886,50836,2021-02
354,2021-02-22,7056,128,63,33,1994942,50964,2021-02
355,2021-02-23,6798,119,54,28,2001740,51083,2021-02
356,2021-02-24,6670,128,44,27,2008410,51211,2021-02
357,2021-02-25,6713,109,30,16,2015123,51320,2021-02
358,2021-02-26,6377,122,34,22,2021500,51442,2021-02
359,2021-02-27,4340,77,37,16,2025840,51519,2021-02
360,2021-02-28,2420,49,24,18,2028260,51568,2021-02
361,2021-03-01,7103,141,64,42,2035363,51709,2021-03
362,2021-03-02,6895,148,49,28,2042258,51857,2021-03
363,2021-03-03,7144,147,47,24,2049402,52004,2021-03
364,2021-03-04,6769,111,53,34,2056171,52115,2021-03
365,2021-03-05,6847,119,44,17,2063018,52234,2021-03
366,2021-03-06,4532,86,40,22,2067550,52320,2021-03
367,2021-03-07,2606,51,26,17,2070156,52371,2021-03
368,2021-03-08,6877,146,61,36,2077033,52517,2021-03
369,2021-03-09,7073,156,68,43,2084106,52673,2021-03
370,2021-03-10,7647,144,50,26,2091753,52817,2021-03
371,2021-03-11,7563,127,53,32,2099316,52944,2021-03
372,2021-03-12,7529,147,65,40,2106845,53091,2021-03
373,2021-03-13,4929,94,48,24,2111774,53185,2021-03
374,2021-03-14,2932,59,29,18,2114706,53244,2021-03
375,2021-03-15,7747,160,64,35,2122453,53404,2021-03
376,2021-03-16,8136,158,71,39,2130589,53562,2021-03
377,2021-03-17,7833,150,69,35,2138422,53712,2021-03
378,2021-03-18,7609,141,67,41,2146031,53853,2021-03
379,2021-03-19,7915,125,60,34,2153946,53978,2021-03
380,2021-03-20,5598,107,54,32,2159544,54085,2021-03
381,2021-03-21,3072,52,28,18,2162616,54137,2021-03
382,2021-03-22,9567,176,75,35,2172183,54313,2021-03
383,2021-03-23,10265,202,84,51,2182448,54515,2021-03
384,2021-03-24,6780,123,56,35,2189228,54638,2021-03
385,2021-03-25,11011,194,86,48,2200239,54832,2021-03
386,2021-03-26,12485,191,92,54,2212724,55023,2021-03
387,2021-03-27,9104,180,70,39,2221828,55203,2021-03
388,2021-03-28,5583,100,38,27,2227411,55303,2021-03
389,2021-03-29,14120,247,107,61,2241531,55550,2021-03
390,2021-03-30,15294,265,107,65,2256825,55815,2021-03
391,2021-03-31,16366,252,98,55,2273191,56067,2021-03
392,2021-04-01,13636,250,108,65,2286827,56317,2021-04
393,2021-04-02,10711,167,75,51,2297538,56484,2021-04
394,2021-04-03,12730,253,93,67,2310268,56737,2021-04
395,2021-04-04,8743,161,61,38,2319011,56898,2021-04
396,2021-04-05,22170,397,154,96,2341181,57295,2021-04
397,2021-04-06,24085,389,130,82,2365266,57684,2021-04
398,2021-04-07,25075,364,148,95,2390341,58048,2021-04
399,2021-04-08,24983,409,161,97,2415324,58457,2021-04
400,2021-04-09,24729,402,147,93,2440053,58859,2021-04
401,2021-04-10,17516,343,125,92,2457569,59202,2021-04
402,2021-04-11,11053,203,73,47,2468622,59405,2021-04
403,2021-04-12,25831,476,163,97,2494453,59881,2021-04
404,2021-04-13,26399,547,192,122,2520852,60428,2021-04
405,2021-04-14,26166,513,179,124,2547018,60941,2021-04
406,2021-04-15,24971,460,176,125,2571989,61401,2021-04
407,2021-04-16,26358,472,177,117,2598347,61873,2021-04
408,2021-04-17,17384,355,148,98,2615731,62228,2021-04
409,2021-04-18,11975,274,98,65,2627706,62502,2021-04
410,2021-04-19,27786,597,189,129,2655492,63099,2021-04
411,2021-04-20,27878,590,205,121,2683370,63689,2021-04
412,2021-04-21,26201,512,188,123,2709571,64201,2021-04
413,2021-04-22,24766,524,189,123,2734337,64725,2021-04
414,2021-04-23,24739,459,162,104,2759076,65184,2021-04
415,2021-04-24,17022,403,130,83,2776098,65587,2021-04
416,2021-04-25,9748,232,82,56,2785846,65819,2021-04
417,2021-04-26,24980,595,221,146,2810826,66414,2021-04
418,2021-04-27,23704,568,181,119,2834530,66982,2021-04
419,2021-04-28,22727,453,154,100,2857257,67435,2021-04
420,2021-04-29,22376,443,186,127,2879633,67878,2021-04
421,2021-04-30,22075,478,182,114,2901708,68356,2021-04
422,2021-05-01,12854,312,125,93,2914562,68668,2021-05
423,2021-05-02,8629,211,66,49,2923191,68879,2021-05
424,2021-05-03,25349,539,218,147,2948540,69418,2021-05
425,2021-05-04,24260,510,176,119,2972800,69928,2021-05
426,2021-05-05,24162,498,199,119,2996962,70426,2021-05
427,2021-05-06,21411,471,162,107,3018373,70897,2021-05
428,2021-05-07,22160,453,177,115,3040533,71350,2021-05
429,2021-05-08,15098,353,132,78,3055631,71703,2021-05
430,2021-05-09,8976,243,96,65,3064607,71946,2021-05
431,2021-05-10,26366,586,243,146,3090973,72532,2021-05
432,2021-05-11,26884,576,205,135,3117857,73108,2021-05
433,2021-05-12,25564,549,209,139,3143421,73657,2021-05
434,2021-05-13,26962,542,193,127,3170383,74199,2021-05
435,2021-05-14,28136,568,233,159,3198519,74767,2021-05
436,2021-05-15,19545,407,160,104,3218064,75174,2021-05
437,2021-05-16,12355,349,111,78,3230419,75523,2021-05
438,2021-05-17,35587,708,256,177,3266006,76231,2021-05
439,2021-05-18,38951,752,315,220,3304957,76983,2021-05
440,2021-05-19,34507,632,255,164,3339464,77615,2021-05
441,2021-05-20,34931,623,245,152,3374395,78238,2021-05
442,2021-05-21,35075,646,254,172,3409470,78884,2021-05
443,2021-05-22,24133,493,178,109,3433603,79377,2021-05
444,2021-05-23,14377,336,128,93,3447980,79713,2021-05
445,2021-05-24,28589,625,230,143,3476569,80338,2021-05
446,2021-05-25,23761,482,211,142,3500330,80820,2021-05
447,2021-05-26,39375,809,300,180,3539705,81629,2021-05
448,2021-05-27,37873,688,254,170,3577578,82317,2021-05
449,2021-05-28,36966,710,256,161,3614544,83027,2021-05
450,2021-05-29,23845,477,191,130,3638389,83504,2021-05
451,2021-05-30,13883,339,133,89,3652272,83843,2021-05
452,2021-05-31,35501,674,251,158,3687773,84517,2021-05
453,2021-06-01,33426,661,241,156,3721199,85178,2021-06
454,2021-06-02,31358,650,233,162,3752557,85828,2021-06
455,2021-06-03,30230,557,206,124,3782787,86385,2021-06
456,2021-06-04,28889,567,197,120,3811676,86952,2021-06
457,2021-06-05,18349,415,156,108,3830025,87367,2021-06
458,2021-06-06,11094,256,108,85,3841119,87623,2021-06
459,2021-06-07,30474,579,223,132,3871593,88202,2021-06
460,2021-06-08,28415,551,200,130,3900008,88753,2021-06
461,2021-06-09,26623,500,185,109,3926631,89253,2021-06
462,2021-06-10,25030,503,202,122,3951661,89756,2021-06
463,2021-06-11,24826,488,199,130,3976487,90244,2021-06
464,2021-06-12,15472,362,137,88,3991959,90606,2021-06
465,2021-06-13,9749,231,98,73,4001708,90837,2021-06
466,2021-06-14,27665,510,217,133,4029373,91347,2021-06
467,2021-06-15,23823,437,173,111,4053196,91784,2021-06
468,2021-06-16,21926,391,170,99,4075122,92175,2021-06
469,2021-06-17,19592,331,151,105,4094714,92506,2021-06
470,2021-06-18,19168,352,154,88,4113882,92858,2021-06
471,2021-06-19,13033,283,128,74,4126915,93141,2021-06
472,2021-06-20,6656,171,75,59,4133571,93312,2021-06
473,2021-06-21,12235,297,128,84,4145806,93609,2021-06
474,2021-06-22,23611,469,173,113,4169417,94078,2021-06
475,2021-06-23,22892,378,157,95,4192309,94456,2021-06
476,2021-06-24,22187,361,133,78,4214496,94817,2021-06
477,2021-06-25,22527,349,152,108,4237023,95166,2021-06
478,2021-06-26,14813,286,114,68,4251836,95452,2021-06
479,2021-06-27,8318,161,65,44,4260154,95613,2021-06
480,2021-06-28,21325,368,130,80,4281479,95981,2021-06
481,2021-06-29,19678,296,132,83,4301157,96277,2021-06
482,2021-06-30,19016,354,141,90,4320173,96631,2021-06
483,2021-07-01,18544,326,133,83,4338717,96957,2021-07
484,2021-07-02,18059,351,145,89,4356776,97308,2021-07
485,2021-07-03,12124,260,91,60,4368900,97568,2021-07
486,2021-07-04,7254,161,64,33,4376154,97729,2021-07
487,2021-07-05,20863,354,152,95,4397017,98083,2021-07
488,2021-07-06,18430,290,129,77,4415447,98373,2021-07
489,2021-07-07,17853,312,110,75,4433300,98685,2021-07
490,2021-07-08,18296,288,131,78,4451596,98973,2021-07
491,2021-07-09,10870,197,96,61,4462466,99170,2021-07
492,2021-07-10,11966,203,96,64,4474432,99373,2021-07
493,2021-07-11,6884,145,64,39,4481316,99518,2021-07
494,2021-07-12,18925,317,146,101,4500241,99835,2021-07
495,2021-07-13,17709,295,126,72,4517950,100130,2021-07
496,2021-07-14,16465,277,128,67,4534415,100407,2021-07
497,2021-07-15,15503,227,96,53,4549918,100634,2021-07
498,2021-07-16,15112,218,84,45,4565030,100852,2021-07
499,2021-07-17,9344,155,69,41,4574374,101007,2021-07
500,2021-07-18,5373,108,56,31,4579747,101115,2021-07
501,2021-07-19,15135,256,104,64,4594882,101371,2021-07
502,2021-07-20,13655,219,86,52,4608537,101590,2021-07
503,2021-07-21,13003,214,87,56,4621540,101804,2021-07
504,2021-07-22,13045,192,83,49,4634585,101996,2021-07
505,2021-07-23,14083,168,75,38,4648668,102164,2021-07
506,2021-07-24,9224,137,62,37,4657892,102301,2021-07
507,2021-07-25,5439,88,37,18,4663331,102389,2021-07
508,2021-07-26,15901,233,114,67,4679232,102622,2021-07
509,2021-07-27,14704,187,77,42,4693936,102809,2021-07
510,2021-07-28,13010,155,72,39,4706946,102964,2021-07
511,2021-07-29,12870,159,74,43,4719816,103123,2021-07
512,2021-07-30,12869,174,73,49,4732685,103297,2021-07
513,2021-07-31,8184,146,64,35,4740869,103443,2021-07
514,2021-08-01,4954,95,42,28,4745823,103538,2021-08
515,2021-08-02,14771,209,117,74,4760594,103747,2021-08
516,2021-08-03,13567,176,79,44,4774161,103923,2021-08
517,2021-08-04,13129,180,86,52,4787290,104103,2021-08
518,2021-08-05,11857,153,70,46,4799147,104256,2021-08
519,2021-08-06,11952,149,71,40,4811099,104405,2021-08
520,2021-08-07,7116,117,65,28,4818215,104522,2021-08
521,2021-08-08,4300,73,28,15,4822515,104595,2021-08
522,2021-08-09,11594,157,71,43,4834109,104752,2021-08
523,2021-08-10,10390,143,53,33,4844499,104895,2021-08
524,2021-08-11,9643,145,80,50,4854142,105040,2021-08
525,2021-08-12,8463,129,56,32,4862605,105169,2021-08
526,2021-08-13,8032,109,58,38,4870637,105278,2021-08
527,2021-08-14,5080,76,40,24,4875717,105354,2021-08
528,2021-08-15,2855,53,27,15,4878572,105407,2021-08
529,2021-08-16,4346,78,34,21,4882918,105485,2021-08
530,2021-08-17,9078,135,57,29,4891996,105620,2021-08
531,2021-08-18,8132,110,51,25,4900128,105730,2021-08
532,2021-08-19,7184,104,53,25,4907312,105834,2021-08
533,2021-08-20,6924,74,46,29,4914236,105908,2021-08
534,2021-08-21,4244,51,35,18,4918480,105959,2021-08
535,2021-08-22,2367,45,33,22,4920847,106004,2021-08
536,2021-08-23,6782,100,43,22,4927629,106104,2021-08
537,2021-08-24,6040,105,55,34,4933669,106209,2021-08
538,2021-08-25,4974,68,35,25,4938643,106277,2021-08
539,2021-08-26,5049,54,30,11,4943692,106331,2021-08
540,2021-08-27,4640,64,39,22,4948332,106395,2021-08
541,2021-08-28,2840,50,20,13,4951172,106445,2021-08
542,2021-08-29,1657,29,10,7,4952829,106474,2021-08
543,2021-08-30,5267,69,28,14,4958096,106543,2021-08
544,2021-08-31,4576,73,33,17,4962672,106616,2021-08
545,2021-09-01,4056,64,29,20,4966728,106680,2021-09
546,2021-09-02,3693,51,27,13,4970421,106731,2021-09
547,2021-09-03,3618,50,21,12,4974039,106781,2021-09
548,2021-09-04,1954,42,18,7,4975993,106823,2021-09
549,2021-09-05,1229,17,15,7,4977222,106840,2021-09
550,2021-09-06,3484,54,27,19,4980706,106894,2021-09
551,2021-09-07,2878,45,20,13,4983584,106939,2021-09
552,2021-09-08,2398,46,27,16,4985982,106985,2021-09
553,2021-09-09,2345,43,25,17,4988327,107028,2021-09
554,2021-09-10,2258,35,13,9,4990585,107063,2021-09
555,2021-09-11,1356,21,10,6,4991941,107084,2021-09
556,2021-09-12,725,6,2,2,4992666,107090,2021-09
557,2021-09-13,2302,39,21,12,4994968,107129,2021-09
558,2021-09-14,2010,27,12,5,4996978,107156,2021-09
559,2021-09-15,1989,35,12,9,4998967,107191,2021-09
560,2021-09-16,1913,33,18,13,5000880,107224,2021-09
561,2021-09-17,1869,22,13,7,5002749,107246,2021-09
562,2021-09-18,989,21,13,10,5003738,107267,2021-09
563,2021-09-19,505,16,8,5,5004243,107283,2021-09
564,2021-09-20,1992,24,15,8,5006235,107307,2021-09
565,2021-09-21,1354,14,7,3,5007589,107321,2021-09
566,2021-09-22,1486,23,10,5,5009075,107344,2021-09
567,2021-09-23,1306,14,8,0,5010381,107358,2021-09
568,2021-09-24,1285,11,10,6,5011666,107369,2021-09
569,2021-09-25,834,13,4,1,5012500,107382,2021-09
570,2021-09-26,441,9,4,2,5012941,107391,2021-09
571,2021-09-27,1494,12,11,9,5014435,107403,2021-09
572,2021-09-28,1257,12,8,4,5015692,107415,2021-09
573,2021-09-29,1247,20,6,3,5016939,107435,2021-09
574,2021-09-30,1196,9,6,4,5018135,107444,2021-09
575,2021-10-01,1179,13,7,6,5019314,107457,2021-10
576,2021-10-02,567,8,4,2,5019881,107465,2021-10
577,2021-10-03,317,6,3,2,5020198,107471,2021-10
578,2021-10-04,1116,8,5,3,5021314,107479,2021-10
579,2021-10-05,1028,15,3,3,5022342,107494,2021-10
580,2021-10-06,974,18,10,2,5023316,107512,2021-10
581,2021-10-07,816,8,7,2,5024132,107520,2021-10
582,2021-10-08,461,6,3,2,5024593,107526,2021-10
583,2021-10-09,482,12,6,4,5025075,107538,2021-10
584,2021-10-10,364,6,1,0,5025439,107544,2021-10
585,2021-10-11,504,10,5,4,5025943,107554,2021-10
586,2021-10-12,1100,12,7,3,5027043,107566,2021-10
587,2021-10-13,1131,12,7,2,5028174,107578,2021-10
588,2021-10-14,1091,12,7,5,5029265,107590,2021-10
589,2021-10-15,1089,12,4,1,5030354,107602,2021-10
590,2021-10-16,607,12,1,0,5030961,107614,2021-10
591,2021-10-17,321,5,2,1,5031282,107619,2021-10
592,2021-10-18,1157,12,5,3,5032439,107631,2021-10
593,2021-10-19,1117,12,7,6,5033556,107643,2021-10
594,2021-10-20,1189,15,8,2,5034745,107658,2021-10
595,2021-10-21,1275,13,8,4,5036020,107671,2021-10
596,2021-10-22,1272,11,6,3,5037292,107682,2021-10
597,2021-10-23,708,2,1,1,5038000,107684,2021-10
598,2021-10-24,478,1,1,1,5038478,107685,2021-10
599,2021-10-25,1344,11,5,3,5039822,107696,2021-10
600,2021-10-26,1317,7,5,4,5041139,107703,2021-10
601,2021-10-27,1278,10,9,4,5042417,107713,2021-10
602,2021-10-28,1238,11,7,3,5043655,107724,2021-10
603,2021-10-29,1208,6,3,2,5044863,107730,2021-10
604,2021-10-30,806,4,4,3,5045669,107734,2021-10
605,2021-10-31,499,2,2,1,5046168,107736,2021-10
606,2021-11-01,1186,6,5,3,5047354,107742,2021-11
607,2021-11-02,1193,6,5,2,5048547,107748,2021-11
608,2021-11-03,1180,12,7,3,5049727,107760,2021-11
609,2021-11-04,1258,8,4,3,5050985,107768,2021-11
610,2021-11-05,1163,11,5,3,5052148,107779,2021-11
611,2021-11-06,799,4,5,3,5052947,107783,2021-11
612,2021-11-07,544,3,4,3,5053491,107786,2021-11
613,2021-11-08,1282,21,12,8,5054773,107807,2021-11
614,2021-11-09,1244,8,4,3,5056017,107815,2021-11
615,2021-11-10,1390,8,4,2,5057407,107823,2021-11
616,2021-11-11,1374,12,4,4,5058781,107835,2021-11
617,2021-11-12,1454,16,7,2,5060235,107851,2021-11
618,2021-11-13,930,7,3,3,5061165,107858,2021-11
619,2021-11-14,531,3,2,0,5061696,107861,2021-11
620,2021-11-15,1527,21,10,7,5063223,107882,2021-11
621,2021-11-16,1361,16,9,5,5064584,107898,2021-11
622,2021-11-17,1440,14,7,1,5066024,107912,2021-11
623,2021-11-18,1471,9,8,2,5067495,107921,2021-11
624,2021-11-19,1429,13,9,4,5068924,107934,2021-11
625,2021-11-20,902,15,8,6,5069826,107949,2021-11
626,2021-11-21,653,8,5,2,5070479,107957,2021-11
627,2021-11-22,820,7,5,2,5071299,107964,2021-11
628,2021-11-23,2093,20,11,3,5073392,107984,2021-11
629,2021-11-24,1993,19,12,4,5075385,108003,2021-11
630,2021-11-25,1983,20,13,8,5077368,108023,2021-11
631,2021-11-26,1882,12,8,3,5079250,108035,2021-11
632,2021-11-27,1304,9,5,2,5080554,108044,2021-11
633,2021-11-28,859,4,4,2,5081413,108048,2021-11
634,2021-11-29,2198,17,15,7,5083611,108065,2021-11
635,2021-11-30,2016,12,5,3,5085627,108077,2021-11
636,2021-12-01,2252,23,10,6,5087879,108100,2021-12
637,2021-12-02,2414,14,9,3,5090293,108114,2021-12
638,2021-12-03,2127,23,12,6,5092420,108137,2021-12
639,2021-12-04,1576,17,6,2,5093996,108154,2021-12
640,2021-12-05,1027,12,5,4,5095023,108166,2021-12
641,2021-12-06,2812,31,16,9,5097835,108197,2021-12
642,2021-12-07,2837,26,14,10,5100672,108223,2021-12
643,2021-12-08,1577,11,5,3,5102249,108234,2021-12
644,2021-12-09,3461,16,9,5,5105710,108250,2021-12
645,2021-12-10,3261,21,13,7,5108971,108271,2021-12
646,2021-12-11,2446,12,6,4,5111417,108283,2021-12
647,2021-12-12,1616,11,9,4,5113033,108294,2021-12
648,2021-12-13,4305,28,11,4,5117338,108322,2021-12
649,2021-12-14,4598,25,18,9,5121936,108347,2021-12
650,2021-12-15,4891,27,21,9,5126827,108374,2021-12
651,2021-12-16,5366,22,18,8,5132193,108396,2021-12
652,2021-12-17,5709,22,13,5,5137902,108418,2021-12
653,2021-12-18,4264,15,7,3,5142166,108433,2021-12
654,2021-12-19,2854,12,8,7,5145020,108445,2021-12
655,2021-12-20,9070,37,20,9,5154090,108482,2021-12
656,2021-12-21,11368,45,29,16,5165458,108527,2021-12
657,2021-12-22,16025,32,18,12,5181483,108559,2021-12
658,2021-12-23,18246,38,24,11,5199729,108597,2021-12
659,2021-12-24,14068,30,8,5,5213797,108627,2021-12
660,2021-12-25,6766,23,15,12,5220563,108650,2021-12
661,2021-12-26,14005,23,9,7,5234568,108673,2021-12
662,2021-12-27,35738,49,32,15,5270306,108722,2021-12
663,2021-12-28,47719,66,43,21,5318025,108788,2021-12
664,2021-12-29,57002,63,38,18,5375027,108851,2021-12
665,2021-12-30,60722,70,39,22,5435749,108921,2021-12
666,2021-12-31,44067,65,37,23,5479816,108986,2021-12
667,2022-01-01,19747,44,30,14,5499563,109030,2022-01
668,2022-01-02,36500,62,32,24,5536063,109092,2022-01
669,2022-01-03,101477,140,87,39,5637540,109232,2022-01
670,2022-01-04,122012,138,94,39,5759552,109370,2022-01
671,2022-01-05,139786,143,78,34,5899338,109513,2022-01
672,2022-01-06,133888,143,64,36,6033226,109656,2022-01
673,2022-01-07,129269,187,80,39,6162495,109843,2022-01
674,2022-01-08,79447,139,66,25,6241942,109982,2022-01
675,2022-01-09,59394,126,60,33,6301336,110108,2022-01
676,2022-01-10,159806,269,96,44,6461142,110377,2022-01
677,2022-01-11,147847,292,115,54,6608989,110669,2022-01
678,2022-01-12,144249,349,130,61,6753238,111018,2022-01
679,2022-01-13,130491,301,116,53,6883729,111319,2022-01
680,2022-01-14,128259,349,109,51,7011988,111668,2022-01
681,2022-01-15,75298,326,97,48,7087286,111994,2022-01
682,2022-01-16,55857,243,77,37,7143143,112237,2022-01
683,2022-01-17,135018,427,156,87,7278161,112664,2022-01
684,2022-01-18,126948,367,119,60,7405109,113031,2022-01
685,2022-01-19,115683,382,150,76,7520792,113413,2022-01
686,2022-01-20,106534,372,127,65,7627326,113785,2022-01
687,2022-01-21,95694,349,118,66,7723020,114134,2022-01
688,2022-01-22,53673,271,75,38,7776693,114405,2022-01
689,2022-01-23,33101,195,59,38,7809794,114600,2022-01
690,2022-01-24,87173,364,153,90,7896967,114964,2022-01
691,2022-01-25,69555,332,88,46,7966522,115296,2022-01
692,2022-01-26,60093,290,89,45,8026615,115586,2022-01
693,2022-01-27,51045,276,92,42,8077660,115862,2022-01
694,2022-01-28,44119,222,66,41,8121779,116084,2022-01
695,2022-01-29,22732,159,49,31,8144511,116243,2022-01
696,2022-01-30,14973,151,44,28,8159484,116394,2022-01
697,2022-01-31,43290,218,75,43,8202774,116612,2022-01
698,2022-02-01,30569,174,70,29,8233343,116786,2022-02
699,2022-02-02,28926,174,65,36,8262269,116960,2022-02
700,2022-02-03,24028,171,59,25,8286297,117131,2022-02
701,2022-02-04,21723,140,50,28,8308020,117271,2022-02
702,2022-02-05,10995,105,42,25,8319015,117376,2022-02
703,2022-02-06,6535,73,35,21,8325550,117449,2022-02
704,2022-02-07,19526,121,49,24,8345076,117570,2022-02
705,2022-02-08,15938,115,39,25,8361014,117685,2022-02
706,2022-02-09,14599,88,26,19,8375613,117773,2022-02
707,2022-02-10,13566,64,27,18,8389179,117837,2022-02
708,2022-02-11,10332,66,29,14,8399511,117903,2022-02
709,2022-02-12,5842,56,19,12,8405353,117959,2022-02
710,2022-02-13,3390,19,8,3,8408743,117978,2022-02
711,2022-02-14,11482,76,29,16,8420225,118054,2022-02
712,2022-02-15,10564,53,24,12,8430789,118107,2022-02
713,2022-02-16,9801,45,25,13,8440590,118152,2022-02
714,2022-02-17,9059,42,15,5,8449649,118194,2022-02
715,2022-02-18,8237,58,22,11,8457886,118252,2022-02
716,2022-02-19,3785,22,10,2,8461671,118274,2022-02
717,2022-02-20,2747,23,9,5,8464418,118297,2022-02
718,2022-02-21,8049,36,13,7,8472467,118333,2022-02
719,2022-02-22,6814,38,15,7,8479281,118371,2022-02
720,2022-02-23,6581,17,10,4,8485862,118388,2022-02
721,2022-02-24,5269,24,9,5,8491131,118412,2022-02
722,2022-02-25,4771,19,7,4,8495902,118431,2022-02
723,2022-02-26,2437,19,11,9,8498339,118450,2022-02
724,2022-02-27,1697,11,6,1,8500036,118461,2022-02
725,2022-02-28,2103,8,6,2,8502139,118469,2022-02
726,2022-03-01,1842,12,5,2,8503981,118481,2022-03
727,2022-03-02,5119,14,8,3,8509100,118495,2022-03
728,2022-03-03,4736,21,11,6,8513836,118516,2022-03
729,2022-03-04,4366,17,9,3,8518202,118533,2022-03
730,2022-03-05,1891,12,6,2,8520093,118545,2022-03
731,2022-03-06,1291,7,2,2,8521384,118552,2022-03
732,2022-03-07,4324,19,10,6,8525708,118571,2022-03
733,2022-03-08,3324,15,4,4,8529032,118586,2022-03
734,2022-03-09,3504,9,2,1,8532536,118595,2022-03
735,2022-03-10,3432,10,3,2,8535968,118605,2022-03
736,2022-03-11,2893,7,6,3,8538861,118612,2022-03
737,2022-03-12,1243,7,3,2,8540104,118619,2022-03
738,2022-03-13,816,1,2,1,8540920,118620,2022-03
739,2022-03-14,3370,13,3,2,8544290,118633,2022-03
740,2022-03-15,3372,9,4,2,8547662,118642,2022-03
741,2022-03-16,2967,11,7,4,8550629,118653,2022-03
742,2022-03-17,2339,6,6,4,8552968,118659,2022-03
743,2022-03-18,2150,3,2,0,8555118,118662,2022-03
744,2022-03-19,954,4,4,3,8556072,118666,2022-03
745,2022-03-20,564,3,7,6,8556636,118669,2022-03
746,2022-03-21,1903,3,1,1,8558539,118672,2022-03
747,2022-03-22,1684,7,3,0,8560223,118679,2022-03
748,2022-03-23,1503,6,1,0,8561726,118685,2022-03
749,2022-03-24,718,1,1,0,8562444,118686,2022-03
750,2022-03-25,1450,6,5,3,8563894,118692,2022-03
751,2022-03-26,698,4,2,1,8564592,118696,2022-03
752,2022-03-27,452,3,1,1,8565044,118699,2022-03
753,2022-03-28,1575,8,1,0,8566619,118707,2022-03
754,2022-03-29,1455,10,6,2,8568074,118717,2022-03
755,2022-03-30,1320,5,6,3,8569394,118722,2022-03
756,2022-03-31,1232,5,3,2,8570626,118727,2022-03
757,2022-04-01,881,5,3,1,8571507,118732,2022-04
758,2022-04-02,428,2,3,1,8571935,118734,2022-04
759,2022-04-03,320,2,2,1,8572255,118736,2022-04
760,2022-04-04,1114,4,4,0,8573369,118740,2022-04
761,2022-04-05,988,9,1,1,8574357,118749,2022-04
762,2022-04-06,1162,5,4,3,8575519,118754,2022-04
763,2022-04-07,929,5,3,2,8576448,118759,2022-04
764,2022-04-08,939,4,3,1,8577387,118763,2022-04
765,2022-04-09,394,4,2,2,8577781,118767,2022-04
766,2022-04-10,393,2,0,0,8578174,118769,2022-04
767,2022-04-11,1087,2,1,0,8579261,118771,2022-04
768,2022-04-12,854,5,3,3,8580115,118776,2022-04
769,2022-04-13,955,3,2,2,8581070,118779,2022-04
770,2022-04-14,580,1,1,0,8581650,118780,2022-04
771,2022-04-15,362,0,0,0,8582012,118780,2022-04
772,2022-04-16,408,2,0,0,8582420,118782,2022-04
773,2022-04-17,348,1,2,2,8582768,118783,2022-04
774,2022-04-18,1357,2,0,0,8584125,118785,2022-04
775,2022-04-19,1116,5,5,1,8585241,118790,2022-04
776,2022-04-20,1120,3,2,0,8586361,118793,2022-04
777,2022-04-21,1060,8,3,1,8587421,118801,2022-04
778,2022-04-22,795,0,2,2,8588216,118801,2022-04
779,2022-04-23,558,2,1,1,8588774,118803,2022-04
780,2022-04-24,351,3,0,0,8589125,118806,2022-04
781,2022-04-25,1201,2,2,2,8590326,118808,2022-04
782,2022-04-26,1192,2,1,1,8591518,118810,2022-04
783,2022-04-27,1333,2,3,2,8592851,118812,2022-04
784,2022-04-28,1511,6,0,0,8594362,118818,2022-04
785,2022-04-29,1291,2,1,1,8595653,118820,2022-04
786,2022-04-30,783,1,2,0,8596436,118821,2022-04
787,2022-05-01,599,1,1,0,8597035,118822,2022-05
788,2022-05-02,1901,2,5,3,8598936,118824,2022-05
789,2022-05-03,2039,4,2,1,8600975,118828,2022-05
790,2022-05-04,2407,3,4,2,8603382,118831,2022-05
791,2022-05-05,2949,4,1,0,8606331,118835,2022-05
792,2022-05-06,2928,5,3,2,8609259,118840,2022-05
793,2022-05-07,2048,4,3,1,8611307,118844,2022-05
794,2022-05-08,1701,2,4,0,8613008,118846,2022-05
795,2022-05-09,4782,4,4,3,8617790,118850,2022-05
796,2022-05-10,4764,2,1,0,8622554,118852,2022-05
797,2022-05-11,5208,7,2,0,8627762,118859,2022-05
798,2022-05-12,5395,6,4,0,8633157,118865,2022-05
799,2022-05-13,5328,4,4,1,8638485,118869,2022-05
800,2022-05-14,3059,5,4,2,8641544,118874,2022-05
801,2022-05-15,2475,1,2,0,8644019,118875,2022-05
802,2022-05-16,6134,4,5,1,8650153,118879,2022-05
803,2022-05-17,5712,11,8,1,8655865,118890,2022-05
804,2022-05-18,2950,2,5,0,8658815,118892,2022-05
805,2022-05-19,8310,7,10,2,8667125,118899,2022-05
806,2022-05-20,7173,5,6,3,8674298,118904,2022-05
807,2022-05-21,4290,7,5,2,8678588,118911,2022-05
808,2022-05-22,3050,3,0,0,8681638,118914,2022-05
809,2022-05-23,9118,12,11,4,8690756,118926,2022-05
810,2022-05-24,7881,5,7,4,8698637,118931,2022-05
811,2022-05-25,3215,4,3,0,8701852,118935,2022-05
812,2022-05-26,7873,11,4,1,8709725,118946,2022-05
813,2022-05-27,6571,6,7,2,8716296,118952,2022-05
814,2022-05-28,3550,5,3,0,8719846,118957,2022-05
815,2022-05-29,2732,2,6,2,8722578,118959,2022-05
816,2022-05-30,6665,4,7,1,8729243,118963,2022-05
817,2022-05-31,5875,3,6,0,8735118,118966,2022-05
818,2022-06-01,5636,4,7,2,8740754,118970,2022-06
819,2022-06-02,4940,1,3,1,8745694,118971,2022-06
820,2022-06-03,3881,0,0,0,8749575,118971,2022-06
821,2022-06-04,1590,0,1,1,8751165,118971,2022-06
